 1  -14976.457920046    -1.498E+04 1.323E-02 1.127E+03
 2  -15008.957790529    -3.250E+01 1.189E-02 8.553E+03
 3  -14974.136902379     3.482E+01 1.722E+00 2.061E+03
 4  -14971.225555024     2.911E+00 4.525E-01 4.480E+02
 5  -14970.609707428     6.158E-01 2.968E-01 1.520E+02
 6  -14971.580496371    -9.708E-01 2.950E-01 4.761E+01
 7  -14971.184424755     3.961E-01 1.832E-01 4.017E+01
 8  -14971.037330324     1.471E-01 2.270E-01 8.025E+01
 9  -14971.405620898    -3.683E-01 1.047E-01 3.660E+01
10  -14971.333725125     7.190E-02 1.101E-01 2.624E+01
11  -14971.561292168    -2.276E-01 7.540E-02 5.168E+00
12  -14971.604740925    -4.345E-02 1.277E-02 1.912E+00
13  -14971.617828227    -1.309E-02 6.203E-04 1.423E+00
14  -14971.618033474    -2.052E-04 1.895E-02 3.648E-01
15  -14971.624844359    -6.811E-03 3.286E-03 6.015E-01
16  -14971.626096810    -1.252E-03 3.821E-04 1.199E-01
17  -14971.626843009    -7.462E-04 6.015E-04 1.982E-01
18  -14971.627178686    -3.357E-04 8.175E-05 1.144E-01
19  -14971.626553127     6.256E-04 7.800E-04 1.671E-01
20  -14971.627875549    -1.322E-03 2.723E-05 9.668E-03
21  -14971.628288995    -4.134E-04 5.747E-06 5.031E-03
22  -14971.628091671     1.973E-04 1.827E-04 1.779E-02
23  -14971.628263540    -1.719E-04 2.180E-05 3.561E-03
24  -14971.628257921     5.619E-06 1.044E-05 3.941E-03
25  -14971.628252544     5.377E-06 9.475E-06 4.476E-03
26  -14971.628286150    -3.361E-05 4.080E-06 1.082E-03
27  -14971.628294221    -8.071E-06 2.797E-06 6.778E-04
28  -14971.628295931    -1.710E-06 1.361E-06 8.066E-04
29  -14971.628287079     8.852E-06 3.232E-06 1.419E-03
30  -14971.628299012    -1.193E-05 3.827E-06 6.276E-04
31  -14971.628299941    -9.292E-07 1.198E-06 2.401E-04
32  -14971.628302864    -2.923E-06 3.990E-07 1.499E-04
33  -14971.628301924     9.401E-07 6.320E-07 1.263E-04
34  -14971.628303092    -1.168E-06 3.092E-07 7.143E-05
35  -14971.628302879     2.133E-07 1.520E-07 6.426E-05
36  -14971.628302200     6.791E-07 6.546E-07 1.563E-04
37  -14971.628301858     3.416E-07 7.097E-07 1.570E-04
38  -14971.628301959    -1.011E-07 8.729E-07 3.245E-04
39  -14971.628301893     6.570E-08 2.253E-07 5.098E-05
40  -14971.628303432    -1.538E-06 6.041E-07 4.714E-05
41  -14971.628303445    -1.308E-08 6.562E-08 7.780E-06
42  -14971.628303770    -3.247E-07 1.623E-08 3.116E-06
43  -14971.628303723     4.613E-08 6.925E-09 2.069E-06
44  -14971.628303780    -5.679E-08 2.157E-09 1.298E-06
45  -14971.628303775     5.073E-09 1.989E-09 3.729E-07
46  -14971.628303777    -1.688E-09 2.681E-09 1.166E-06
47  -14971.628303754     2.325E-08 1.003E-08 2.502E-06
48  -14971.628303782    -2.812E-08 5.879E-10 3.530E-07
49  -14971.628303782    -7.549E-10 5.246E-10 2.026E-07
50  -14971.628303785    -2.650E-09 2.318E-10 8.555E-08
51  -14971.628303784     6.676E-10 3.863E-10 1.108E-07
52  -14971.628303786    -1.208E-09 1.009E-10 1.129E-08
53  -14971.628303786    -4.220E-10 4.051E-11 3.922E-08
54  -14971.628303786    -5.821E-11 4.181E-11 7.713E-09
55  -14971.628303786    -1.219E-10 2.237E-11 3.689E-09
56  -14971.628303786     3.638E-11 1.352E-11 4.052E-09
57  -14971.628303786    -4.547E-11 1.861E-11 5.530E-09
58  -14971.628303786     4.002E-11 4.174E-12 2.160E-09
59  -14971.628303786     4.729E-11 8.302E-11 6.806E-09
60  -14971.628303786    -1.091E-10 1.278E-11 1.571E-09
61  -14971.628303786     3.638E-11 3.112E-12 1.742E-09
62  -14971.628303786     9.095E-12 1.144E-11 1.379E-09
63  -14971.628303786    -3.638E-11 3.362E-12 1.060E-09
64  -14971.628303786     7.276E-12 5.301E-13 1.625E-10
65  -14971.628303786    -1.273E-11 1.961E-13 4.385E-11
