-1.59643 11 12 5
-1.59632 11 12 5
-1.59318 11 12 5
-1.59311 11 12 5
-0.7491 13 12 5
-0.74837 13 12 5
-0.7479 13 12 5
-0.74075 13 12 5
-0.74075 13 12 5
-0.74056 14 12 5
-0.73954 14 12 5
-0.73938 14 12 5
-0.73843 14 12 5
-0.7383 14 12 5
-0.73569 14 12 5
-0.7307399999999999 14 12 5
-0.55442 14 13 5
-0.54129 14 13 5
-0.54054 14 13 5
-0.53588 14 13 5
-0.44304 14 13 5
-0.43947 14 13 5
-0.42934 15 13 5
-0.42424 15 13 5
-0.4204 15 13 5
-0.42011 15 13 5
-0.41962 15 13 5
-0.41125 15 13 5
-0.403 15 13 5
-0.39872 15 13 5
-0.39522 15 13 5
-0.03717 17 13 5
-0.03367 17 13 5
-0.02726 17 13 5
-0.02562 17 13 5
-0.02562 17 13 5
-0.01375 17 13 5
-0.01326 17 13 5
-0.01026 17 13 5
-0.008829999999999999 17 13 5
-0.00882 17 13 5
-0.00681 17 13 5
0.00638 18 13 5
0.06494999999999999 18 13 5
0.07809000000000001 18 13 5
0.07967 18 13 5
0.08218 18 13 5
0.09881 18 13 5
0.10563 18 13 5
0.10564 18 13 5
0.10749 18 13 5
0.1118 19 13 5
0.11791 19 13 5
0.12293 19 13 5
0.12487 19 13 5
0.12507 19 13 5
0.12622 19 13 5
0.1313 19 13 5
0.13418 19 13 5
0.13448 19 13 5
0.13671 19 13 5
0.14047 19 13 5
0.14307 19 13 5
0.1433 19 13 5
0.14782 19 13 5
0.14813 19 13 5
0.14834 19 13 5
0.15499 19 13 5
0.15733 19 13 5
0.15733 19 13 5
0.16469 19 13 5
0.16882 19 13 5
0.16907 19 13 5
0.17608 19 13 5
0.17686 19 13 6
0.17787 19 13 6
0.4241 22 13 6
0.4608 23 13 6
0.46236 23 13 6
0.46404 23 13 6
0.47385 23 13 6
0.48081 23 13 6
0.48865 24 13 6
0.49678 24 13 6
0.50091 24 13 6
0.50556 24 13 6
0.51938 24 13 6
0.52296 24 13 6
0.52639 24 13 6
0.53086 25 13 6
0.5394099999999999 25 13 6
0.55352 25 13 6
0.55679 25 13 6
0.56465 25 13 6
0.56676 26 13 6
0.5766 26 13 6
0.57779 26 13 6
0.57853 26 13 6
0.57908 26 13 6
0.58641 26 13 6
0.5894200000000001 26 13 6
0.59406 26 13 6
0.60863 27 13 6
0.60865 27 13 6
0.60887 27 13 6
0.6095 27 13 6
0.61733 27 13 6
0.61994 27 13 6
0.6291099999999999 27 14 6
0.63061 27 14 6
0.63561 28 14 6
0.64536 28 14 6
0.65641 28 14 6
0.65642 29 14 6
0.66631 29 14 6
0.66862 29 14 6
0.6686299999999999 29 14 6
0.6742 29 14 6
0.68658 29 14 6
0.6933 29 14 6
0.69403 30 14 6
0.71617 30 14 6
0.72515 30 14 6
0.72673 30 14 6
0.74121 31 14 6
0.74862 31 14 6
0.75367 31 14 6
0.75898 31 14 6
0.75945 31 14 6
0.77342 31 14 6
0.77411 31 14 6
0.79134 33 14 6
0.81999 34 14 6
0.82655 35 14 6
0.83639 35 14 6
0.83766 35 14 6
0.84207 35 14 6
0.84644 36 14 6
0.88147 36 14 6
0.88417 37 14 6
0.88448 38 14 6
0.88867 38 14 6
0.89151 38 14 6
0.89297 39 14 6
0.90261 39 14 6
0.90539 39 14 6
0.91055 40 14 6
0.91073 40 14 6
0.91593 40 14 6
0.9176800000000001 42 14 6
0.92198 42 14 6
0.93887 42 15 6
0.94121 42 15 6
0.94125 43 15 6
0.94202 43 15 6
0.9564 43 15 6
0.95666 45 15 6
0.95787 46 15 6
0.98568 47 15 6
0.99991 49 15 6
1.01062 49 15 6
1.0115 50 15 6
1.03749 55 15 6
1.0498 57 15 6
1.06275 59 15 7
1.07677 60 15 7
1.0903 67 16 7
1.09439 67 17 7
1.09452 68 17 7
1.10166 69 17 7
1.11173 73 17 7
1.11526 74 17 7
1.11908 74 17 7
1.11913 74 18 7
1.11948 75 18 7
1.12814 77 19 7
1.12948 78 19 7
1.13278 79 20 7
1.16045 94 20 8
1.1644 96 21 8
1.16902 96 21 8
1.18213 100 21 8
1.1854 100 21 8
1.18619 100 21 8
1.18784 100 22 8
1.18788 100 22 8
1.18983 100 22 8
1.19169 100 23 9
1.19434 100 24 9
1.20145 100 24 9
1.20513 100 25 9
1.20542 100 25 9
1.21478 100 25 9
1.23438 100 30 10
1.2506 100 33 11
1.27397 100 51 14
1.2882 100 84 18
1.28988 100 98 20
1.29248 100 100 22
1.30582 100 100 100
