 1  -14930.429723134    -1.493E+04 1.214E-01 4.227E+02
 2  -14967.833747329    -3.740E+01 1.162E-02 7.275E+02
 3  -14968.652503949    -8.188E-01 6.210E-03 2.799E+02
 4  -14969.133113316    -4.806E-01 4.438E-03 4.737E+01
 5  -14969.964123691    -8.310E-01 3.326E-03 2.360E+01
 6  -14970.588723205    -6.246E-01 2.480E-03 3.579E+01
 7  -14970.953216054    -3.645E-01 2.136E-03 3.051E+01
 8  -14971.171996226    -2.188E-01 1.564E-03 1.561E+01
 9  -14971.336213677    -1.642E-01 1.399E-03 1.257E+01
10  -14971.417423712    -8.121E-02 1.155E-03 1.627E+00
11  -14971.488953398    -7.153E-02 9.916E-04 1.002E+00
12  -14971.536958199    -4.800E-02 7.968E-04 7.123E-01
13  -14971.568113145    -3.115E-02 6.711E-04 4.413E-01
14  -14971.589339246    -2.123E-02 5.526E-04 4.957E-01
15  -14971.601951745    -1.261E-02 5.089E-04 8.108E-02
16  -14971.611898630    -9.947E-03 4.413E-04 3.861E-01
17  -14971.616884337    -4.986E-03 3.850E-04 3.860E-02
18  -14971.620788899    -3.905E-03 3.180E-04 3.362E-02
19  -14971.623362715    -2.574E-03 2.655E-04 2.499E-02
20  -14971.625078900    -1.716E-03 2.235E-04 3.291E-02
21  -14971.626126770    -1.048E-03 1.975E-04 3.703E-03
22  -14971.626884627    -7.579E-04 1.671E-04 1.101E-02
23  -14971.627353335    -4.687E-04 1.499E-04 3.072E-03
24  -14971.627671603    -3.183E-04 1.256E-04 1.178E-03
25  -14971.627886610    -2.150E-04 1.110E-04 1.426E-03
26  -14971.628030939    -1.443E-04 9.298E-05 2.753E-03
27  -14971.628119689    -8.875E-05 8.410E-05 6.176E-04
28  -14971.628181365    -6.168E-05 7.110E-05 4.255E-04
29  -14971.628222515    -4.115E-05 6.568E-05 3.808E-04
30  -14971.628249051    -2.654E-05 5.722E-05 2.861E-05
31  -14971.628267302    -1.825E-05 5.204E-05 2.099E-05
32  -14971.628279815    -1.251E-05 4.499E-05 1.552E-04
33  -14971.628287585    -7.770E-06 4.057E-05 3.085E-05
34  -14971.628292965    -5.380E-06 3.497E-05 1.878E-05
35  -14971.628296664    -3.699E-06 3.132E-05 5.263E-05
36  -14971.628298956    -2.292E-06 2.695E-05 1.036E-05
37  -14971.628300540    -1.584E-06 2.404E-05 2.415E-06
38  -14971.628301608    -1.068E-06 2.066E-05 6.729E-07
39  -14971.628302331    -7.235E-07 1.836E-05 2.753E-06
40  -14971.628302807    -4.761E-07 1.577E-05 4.538E-07
41  -14971.628303129    -3.214E-07 1.398E-05 1.177E-07
42  -14971.628303346    -2.173E-07 1.200E-05 6.479E-07
43  -14971.628303490    -1.441E-07 1.061E-05 2.838E-07
44  -14971.628303587    -9.731E-08 9.108E-06 3.091E-07
45  -14971.628303653    -6.549E-08 8.041E-06 2.714E-07
46  -14971.628303699    -4.557E-08 6.899E-06 8.065E-07
47  -14971.628303726    -2.760E-08 6.081E-06 2.558E-07
48  -14971.628303746    -2.009E-08 5.217E-06 3.840E-07
49  -14971.628303759    -1.293E-08 4.592E-06 3.423E-07
50  -14971.628303773    -1.342E-08 3.940E-06 2.730E-06
51  -14971.628303774    -1.060E-09 3.464E-06 7.235E-08
52  -14971.628303778    -4.246E-09 2.971E-06 8.265E-08
53  -14971.628303781    -3.025E-09 2.610E-06 1.145E-07
54  -14971.628303783    -1.657E-09 2.239E-06 1.232E-07
55  -14971.628303784    -1.552E-09 1.965E-06 9.116E-08
56  -14971.628303785    -4.802E-10 1.686E-06 7.001E-09
57  -14971.628303785    -5.057E-10 1.478E-06 2.048E-09
58  -14971.628303785    -3.965E-10 1.268E-06 1.205E-09
59  -14971.628303786    -2.074E-10 1.111E-06 8.547E-09
60  -14971.628303786    -2.437E-10 9.534E-07 1.907E-09
61  -14971.628303786    -7.094E-11 8.383E-07 3.389E-10
62  -14971.628303786    -1.237E-10 7.202E-07 5.437E-10
63  -14971.628303786    -4.002E-11 6.392E-07 1.075E-09
64  -14971.628303786    -2.183E-11 5.492E-07 1.824E-10
65  -14971.628303786    -5.639E-11 4.871E-07 2.619E-10
66  -14971.628303786     1.819E-12 4.186E-07 1.280E-10
67  -14971.628303786    -1.273E-11 3.710E-07 1.989E-10
68  -14971.628303786     7.276E-12 3.189E-07 1.372E-10
69  -14971.628303786    -2.365E-11 2.825E-07 1.472E-10
70  -14971.628303786    -7.276E-12 2.428E-07 1.965E-11
