 1  -14966.971073102    -1.497E+04 4.568E-02 7.053E+02
 2  -14992.059517071    -2.509E+01 3.129E-03 4.143E+03
 3  -14975.822300157     1.624E+01 1.962E-03 9.216E+02
 4  -14972.305253401     3.517E+00 1.424E-03 2.042E+02
 5  -14971.826165579     4.791E-01 6.888E-04 7.462E+01
 6  -14971.763766484     6.240E-02 3.423E-04 4.121E+01
 7  -14971.734972894     2.879E-02 2.209E-04 4.332E+01
 8  -14971.810054361    -7.508E-02 1.422E-04 6.711E+01
 9  -14971.668197001     1.419E-01 8.244E-05 1.567E+01
10  -14971.654710047     1.349E-02 6.491E-05 1.020E+01
11  -14971.655139675    -4.296E-04 4.072E-05 9.557E+00
12  -14971.631354288     2.379E-02 2.483E-05 1.227E+00
13  -14971.632168920    -8.146E-04 1.202E-05 1.405E+00
14  -14971.629079096     3.090E-03 9.425E-06 3.451E-01
15  -14971.629466762    -3.877E-04 4.832E-06 4.698E-01
16  -14971.629799358    -3.326E-04 2.966E-06 5.902E-01
17  -14971.628331793     1.468E-03 1.483E-06 1.420E-02
18  -14971.628415830    -8.404E-05 9.595E-07 4.184E-02
19  -14971.628337483     7.835E-05 5.270E-07 1.394E-02
20  -14971.628313557     2.393E-05 3.368E-07 3.561E-03
21  -14971.628315748    -2.191E-06 1.948E-07 4.806E-03
22  -14971.628306295     9.453E-06 1.236E-07 1.023E-03
23  -14971.628307521    -1.226E-06 7.085E-08 1.393E-03
24  -14971.628304625     2.896E-06 4.479E-08 3.584E-04
25  -14971.628304397     2.281E-07 2.530E-08 2.555E-04
26  -14971.628304291     1.060E-07 1.611E-08 1.791E-04
27  -14971.628304162     1.287E-07 9.218E-09 1.431E-04
28  -14971.628303841     3.218E-07 5.853E-09 2.496E-05
29  -14971.628303821     1.961E-08 3.371E-09 1.287E-05
30  -14971.628303811     9.833E-09 2.111E-09 7.825E-06
31  -14971.628303797     1.375E-08 1.220E-09 3.776E-06
32  -14971.628303788     9.726E-09 7.617E-10 5.640E-07
33  -14971.628303788    -7.294E-10 4.367E-10 5.427E-07
34  -14971.628303787     9.859E-10 2.725E-10 4.294E-07
35  -14971.628303787     7.112E-10 1.581E-10 1.082E-07
36  -14971.628303787    -1.310E-10 9.809E-11 1.308E-07
37  -14971.628303787     3.456E-11 5.711E-11 6.482E-08
38  -14971.628303787     2.801E-10 3.550E-11 1.035E-07
39  -14971.628303786     1.128E-10 2.059E-11 3.664E-08
40  -14971.628303786    -3.638E-12 1.279E-11 7.321E-09
41  -14971.628303786     9.459E-11 7.408E-12 3.920E-09
42  -14971.628303786     4.366E-11 4.604E-12 6.061E-09
43  -14971.628303786    -4.366E-11 2.673E-12 1.964E-09
44  -14971.628303786    -1.455E-11 1.643E-12 1.984E-09
45  -14971.628303786     1.819E-11 9.622E-13 7.188E-10
46  -14971.628303786     2.728E-11 5.899E-13 1.036E-09
47  -14971.628303786    -3.456E-11 3.457E-13 7.462E-10
48  -14971.628303786     2.183E-11 2.132E-13 3.900E-10
49  -14971.628303786    -1.819E-12 1.246E-13 3.925E-10
50  -14971.628303786     1.819E-12 7.670E-14 9.114E-11
