-1.59643 13 26 9
-1.59632 13 26 10
-1.59318 13 26 10
-1.59311 13 26 10
-0.7491 18 27 10
-0.74837 18 27 10
-0.7479 18 27 10
-0.74075 18 27 10
-0.74075 18 28 10
-0.74056 18 28 10
-0.73954 18 28 10
-0.73938 19 28 10
-0.73843 19 28 11
-0.7383 19 28 11
-0.73569 19 28 11
-0.7307399999999999 19 28 11
-0.55442 20 28 12
-0.54129 20 28 12
-0.54054 20 29 12
-0.53588 20 30 12
-0.44304 21 30 12
-0.43947 21 30 12
-0.42934 21 31 12
-0.42424 22 31 12
-0.4204 22 32 12
-0.42011 22 32 13
-0.41962 22 32 13
-0.41125 22 32 14
-0.403 22 32 14
-0.39872 22 33 14
-0.39522 22 33 15
-0.03717 29 33 15
-0.03367 29 34 15
-0.02726 30 34 15
-0.02562 30 34 15
-0.02562 30 34 15
-0.01375 30 34 15
-0.01326 30 34 15
-0.01026 31 34 15
-0.008829999999999999 31 34 15
-0.00882 31 34 16
-0.00681 31 36 16
0.00638 31 36 16
0.06494999999999999 34 36 16
0.07809000000000001 35 36 16
0.07967 35 36 16
0.08218 36 36 16
0.09881 36 36 16
0.10563 36 38 17
0.10564 36 38 17
0.10749 37 38 17
0.1118 37 38 17
0.11791 37 38 17
0.12293 37 38 17
0.12487 38 38 17
0.12507 38 38 17
0.12622 38 40 17
0.1313 38 40 17
0.13418 38 40 17
0.13448 38 40 17
0.13671 38 42 17
0.14047 39 42 17
0.14307 39 42 18
0.1433 39 42 18
0.14782 39 42 18
0.14813 39 43 18
0.14834 39 44 18
0.15499 40 44 18
0.15733 40 44 18
0.15733 40 44 18
0.16469 40 46 18
0.16882 40 47 18
0.16907 41 47 18
0.17608 41 48 18
0.17686 42 48 18
0.17787 42 48 22
0.4241 86 51 30
0.4608 100 78 32
0.46236 100 89 33
0.46404 100 90 33
0.47385 100 94 34
0.48081 100 94 35
0.48865 100 100 37
0.49678 100 100 37
0.50091 100 100 37
0.50556 100 100 40
0.51938 100 100 42
0.52296 100 100 43
0.52639 100 100 44
0.53086 100 100 45
0.5394099999999999 100 100 46
0.55352 100 100 49
0.55679 100 100 50
0.56465 100 100 55
0.56676 100 100 56
0.5766 100 100 64
0.57779 100 100 66
0.57853 100 100 66
0.57908 100 100 68
0.58641 100 100 100
