 1  -14977.058924262    -1.498E+04 4.089E-04 1.154E+03
 2  -15010.343666732    -3.328E+01 2.222E-02 8.975E+03
 3  -14976.787430871     3.356E+01 5.054E-01 2.213E+03
 4  -14972.540646234     4.247E+00 7.251E-02 4.505E+02
 5  -14971.440545273     1.100E+00 1.868E-01 1.396E+02
 6  -14971.646380341    -2.058E-01 2.319E-02 5.631E+01
 7  -14971.479505791     1.669E-01 1.513E-02 4.935E+01
 8  -14971.416445788     6.306E-02 2.113E-02 8.060E+01
 9  -14971.375224480     4.122E-02 4.053E-02 3.742E+01
10  -14971.486178809    -1.110E-01 2.437E-02 1.975E+01
11  -14971.545078548    -5.890E-02 8.867E-03 8.462E+00
12  -14971.577687945    -3.261E-02 3.293E-02 2.423E+00
13  -14971.595597760    -1.791E-02 6.332E-03 2.801E+00
14  -14971.610168280    -1.457E-02 7.875E-03 5.164E-01
15  -14971.622899317    -1.273E-02 8.459E-04 8.397E-01
16  -14971.618941648     3.958E-03 4.947E-03 4.034E-01
17  -14971.623544976    -4.603E-03 1.467E-03 1.719E-01
18  -14971.620131715     3.413E-03 2.092E-03 4.600E-01
19  -14971.621381566    -1.250E-03 4.065E-03 1.430E-01
20  -14971.627181305    -5.800E-03 2.195E-04 1.230E-01
21  -14971.627509791    -3.285E-04 1.659E-04 5.789E-03
22  -14971.628240426    -7.306E-04 1.694E-05 5.233E-03
23  -14971.628250039    -9.612E-06 8.369E-06 1.894E-03
24  -14971.628266224    -1.619E-05 2.093E-05 1.829E-03
25  -14971.628274448    -8.224E-06 8.022E-06 1.618E-03
26  -14971.628285144    -1.070E-05 4.423E-06 6.115E-04
27  -14971.628278865     6.278E-06 6.923E-06 1.234E-03
28  -14971.628289694    -1.083E-05 3.472E-06 2.876E-04
29  -14971.628299117    -9.423E-06 1.328E-06 8.276E-05
30  -14971.628302839    -3.722E-06 2.488E-07 2.476E-05
31  -14971.628303534    -6.947E-07 3.310E-08 4.429E-05
32  -14971.628303542    -7.638E-09 3.216E-08 5.796E-06
33  -14971.628303027     5.146E-07 5.628E-07 8.108E-05
34  -14971.628302844     1.831E-07 4.348E-07 1.008E-05
35  -14971.628303639    -7.949E-07 4.944E-08 1.956E-05
36  -14971.628303597     4.172E-08 6.318E-08 7.951E-07
37  -14971.628303777    -1.802E-07 1.903E-09 1.224E-06
38  -14971.628303767     9.708E-09 6.172E-09 2.032E-07
39  -14971.628303777    -9.233E-09 1.801E-09 7.713E-07
40  -14971.628303780    -3.385E-09 1.634E-09 1.530E-07
41  -14971.628303784    -4.093E-09 5.281E-10 5.158E-08
42  -14971.628303786    -1.550E-09 1.868E-10 2.636E-08
43  -14971.628303786     4.366E-11 1.504E-10 4.831E-08
44  -14971.628303786    -4.184E-11 1.985E-10 3.048E-09
45  -14971.628303786    -5.330E-10 4.130E-11 6.219E-09
46  -14971.628303786     1.710E-10 4.695E-11 1.353E-08
47  -14971.628303786    -2.092E-10 2.864E-11 3.055E-09
48  -14971.628303786     5.457E-11 9.934E-12 1.669E-09
49  -14971.628303786    -4.547E-11 6.008E-12 3.583E-10
50  -14971.628303786     1.637E-11 1.497E-12 2.200E-10
51  -14971.628303786    -2.183E-11 1.544E-12 1.950E-10
52  -14971.628303786     0.000E+00 7.637E-13 7.128E-11
